92
70
82
45
73
58
39
40
62
60
9
60
12
11
53
34
0
31
0
0
0
0
0
0
0
0
0
0
0
0
0
0
0
0
0
0
0
0
0
0
0
0
0
0
0
0
0
0
0
0
0
0
0
11
11
7
10
1
6
3
9
4
4
15
15
7
18
4
15
10
4
11
20
16
14
11
19
8
17
17
13
20
20
20
9
12
19
23
13
20
23
13
15
14
25
13
14
16
20
22
13
19
15
25
22
16
23
20
27
27
16
26
28
29
25
20
27
19
16
29
29
25
26
30
25
20
33
24
26
35
28
28
35
35
32
33
25
37
25
27
28
32
38
35
44
37
39
42
41
39
40
49
53
40
42
53
52
49
54
57
46
55
47
59
54
63
58
51
61
62
65
62
54
69
66
61
74
71
72
63
71
74
